[soe][BassEnhancer#0]
amount=3.500000000000005
blend=-10
bypass=true
scope=137

[soe][BassEnhancer#1]
amount=4.000000000000005
scope=60
