[soe][Reverb#0]
amount=-10.716679676582991
bassCut=514.079
decayTime=1.10354
diffusion=0.69
hfDamp=2182.58
predelay=6.5
roomSize=4
trebleCut=4064.15
